chiN,fA,tau,density_profile,density_image,normalized_fft,dot_product_vector,dot_cluster
22.824402,0.277778,0.875,[0.96496645 0.96145499 0.94939826 ... 0.93487691 0.95367994 0.96145499],"[[0.96496645 0.96145499 0.94939826 ... 0.92371948 0.94939826 0.96145499]
 [0.96145499 0.96145499 0.95367994 ... 0.8976559  0.93487691 0.95367994]
 [0.94939826 0.95367994 0.94939826 ... 0.84889042 0.90465796 0.93487691]
 ...
 [0.92371948 0.8976559  0.84889042 ... 0.92371948 0.93487691 0.93487691]
 [0.94939826 0.93487691 0.90465796 ... 0.93487691 0.94939826 0.95367994]
 [0.96145499 0.95367994 0.93487691 ... 0.93487691 0.95367994 0.96145499]]","[[ 0.74704442+0.00000000e+00j  0.25507022+7.68150834e-19j
   0.03569545-8.96966324e-19j ... -0.01505447-4.25839596e-18j
   0.03569545-9.02750739e-19j  0.25507022-2.21436482e-19j]
 [ 0.25507022-1.89387989e-18j  0.08068652-5.86665614e-19j
  -0.01014948+1.71388998e-18j ... -0.01014948-9.22085547e-19j
   0.08068652-2.45575280e-18j  0.25507022+5.53895923e-18j]
 [ 0.03569545-1.14536129e-18j -0.01014948+1.33334529e-18j
  -0.01156856+2.38732583e-18j ... -0.01014948+5.76717436e-19j
   0.03569545-1.43222808e-18j  0.08068652-2.66337142e-18j]
 ...
 [-0.01505447-3.22222511e-18j -0.01014948-3.85295607e-19j
  -0.01014948-8.11247300e-19j ...  0.00168335+1.43633910e-20j
  -0.00125907-2.22026166e-18j -0.00994396-1.07479019e-17j]
 [ 0.03569545-9.24090529e-19j  0.08068652+2.61324663e-18j
   0.03569545-7.52949386e-19j ... -0.00125907-1.32800134e-18j
  -0.01156856+2.19376016e-18j -0.01014948+2.98556680e-18j]
 [ 0.25507022+2.09434182e-18j  0.25507022-2.47735886e-18j
   0.08068652-3.10921146e-18j ... -0.00994396-4.35135067e-18j
  -0.01014948+1.62144483e-18j  0.08068652+2.02179079e-18j]]",[0.90705976 0.56281343 0.83049539 0.59159774 0.74704442],1
24.040363,0.320755,0.846154,[0.97185994 0.96940048 0.96108621 ... 0.95123299 0.9640202  0.96940048],"[[0.97185994 0.96940048 0.96108621 ... 0.94372302 0.96108621 0.96940048]
 [0.96940048 0.96940048 0.9640202  ... 0.92624861 0.95123299 0.9640202 ]
 [0.96108621 0.9640202  0.96108621 ... 0.89335464 0.93094316 0.95123299]
 ...
 [0.94372302 0.92624861 0.89335464 ... 0.94372302 0.95123299 0.95123299]
 [0.96108621 0.95123299 0.93094316 ... 0.95123299 0.96108621 0.9640202 ]
 [0.96940048 0.9640202  0.95123299 ... 0.95123299 0.9640202  0.96940048]]","[[ 0.77461445+0.00000000e+00j  0.24852472+2.23721935e-18j
   0.01555568-2.77541980e-19j ... -0.01670792-5.06643997e-18j
   0.01555568-4.02857571e-19j  0.24852472-2.28222173e-18j]
 [ 0.24852472+1.26154090e-18j  0.05958632-7.98959007e-20j
  -0.01798882+2.84074794e-19j ... -0.01798882-1.10170010e-18j
   0.05958632-3.26378103e-18j  0.24852472-1.04229428e-17j]
 [ 0.01555568-3.73295609e-19j -0.01798882-7.97961015e-19j
  -0.00845898-2.19977858e-19j ... -0.01798882-9.23138932e-20j
   0.01555568-3.94477607e-19j  0.05958632+2.17596852e-18j]
 ...
 [-0.01670792-5.83585920e-18j -0.01798882-4.76544970e-18j
  -0.01798882+8.68590623e-19j ...  0.00163172+1.95843192e-18j
   0.00158781-3.61904457e-18j -0.00626034-5.05945181e-18j]
 [ 0.01555568-4.12202174e-19j  0.05958632-1.32665924e-18j
   0.01555568-3.82138775e-19j ...  0.00158781-4.29823747e-19j
  -0.00845898-1.90005740e-19j -0.01798882+3.43293116e-18j]
 [ 0.24852472+1.63497622e-18j  0.24852472+1.22762228e-17j
   0.05958632-3.10318885e-18j ... -0.00626034-5.08028743e-18j
  -0.01798882+1.50419112e-18j  0.05958632+1.62225035e-18j]]",[0.93404474 0.61568183 0.85981458 0.63908011 0.77461445],1
34.693215,0.304878,0.627907,[0.97776214 0.97632832 0.97167946 ... 0.9664387  0.97329029 0.97632832],"[[0.97776214 0.97632832 0.97167946 ... 0.96256782 0.97167946 0.97632832]
 [0.97632832 0.97632832 0.97329029 ... 0.95378398 0.9664387  0.97329029]
 [0.97167946 0.97329029 0.97167946 ... 0.93750044 0.95612142 0.9664387 ]
 ...
 [0.96256782 0.95378398 0.93750044 ... 0.96256782 0.9664387  0.9664387 ]
 [0.97167946 0.9664387  0.95612142 ... 0.9664387  0.97167946 0.97329029]
 [0.97632832 0.97329029 0.9664387  ... 0.9664387  0.97329029 0.97632832]]","[[ 6.79038851e-01+0.00000000e+00j  2.94029454e-01+4.17322773e-18j
  -1.46644199e-02+1.98769831e-19j ... -1.80047869e-02-8.63635847e-18j
  -1.46644199e-02+3.45635787e-19j  2.94029454e-01-3.33559866e-18j]
 [ 2.94029454e-01+5.48400099e-18j  2.84111707e-02-3.67482512e-18j
  -3.05108500e-02-1.06178974e-18j ... -3.05108500e-02-2.35635553e-18j
   2.84111707e-02-5.63542819e-19j  2.94029454e-01-1.82860654e-18j]
 [-1.46644199e-02+2.25320741e-19j -3.05108500e-02+1.22164190e-18j
  -1.34866705e-03+9.04466733e-20j ... -3.05108500e-02+1.95263811e-18j
  -1.46644199e-02+4.65182422e-19j  2.84111707e-02+9.67259380e-19j]
 ...
 [-1.80047869e-02-5.04340373e-18j -3.05108500e-02-2.47842528e-18j
  -3.05108500e-02+9.10148513e-19j ... -2.58972892e-04+2.85458607e-18j
   5.59036475e-03-1.46693902e-18j  1.83072213e-03-6.25467367e-18j]
 [-1.46644199e-02+1.57553859e-19j  2.84111707e-02-7.95828376e-18j
  -1.46644199e-02+4.32472717e-19j ...  5.59036475e-03-1.11691542e-18j
  -1.34866705e-03+1.96107413e-19j -3.05108500e-02+2.58434836e-18j]
 [ 2.94029454e-01-3.71818836e-18j  2.94029454e-01+1.03560200e-17j
   2.84111707e-02+2.03106202e-19j ...  1.83072213e-03-7.96751996e-18j
  -3.05108500e-02+1.46340388e-18j  2.84111707e-02+2.50046830e-18j]]",[0.9522995  0.58369384 0.81892113 0.58588912 0.67903885],1
26.180491,0.332031,0.511628,[0.94967621 0.94738564 0.94008139 ... 0.93207878 0.94259056 0.94738564],"[[0.94967621 0.94738564 0.94008139 ... 0.92632395 0.94008139 0.94738564]
 [0.94738564 0.94738564 0.94259056 ... 0.91372306 0.93207878 0.94259056]
 [0.94008139 0.94259056 0.94008139 ... 0.8918266  0.91701594 0.93207878]
 ...
 [0.92632395 0.91372306 0.8918266  ... 0.92632395 0.93207878 0.93207878]
 [0.94008139 0.93207878 0.91701594 ... 0.93207878 0.94008139 0.94259056]
 [0.94738564 0.94259056 0.93207878 ... 0.93207878 0.94259056 0.94738564]]","[[ 7.50899405e-01+0.00000000e+00j  2.66857868e-01+5.10290485e-18j
  -1.40307428e-02+3.29931970e-19j ... -1.02923995e-02-5.17642400e-18j
  -1.40307428e-02+5.90535640e-19j  2.66857868e-01-5.36725660e-18j]
 [ 2.66857868e-01+3.10198627e-18j  1.85815434e-02-2.93136727e-19j
  -1.99539354e-02+7.58931572e-20j ... -1.99539354e-02+2.70247582e-19j
   1.85815434e-02+1.77723254e-19j  2.66857868e-01-6.29034898e-18j]
 [-1.40307428e-02+3.44259188e-19j -1.99539354e-02-4.72003076e-18j
  -1.90498326e-04+8.76440013e-20j ... -1.99539354e-02+1.18325694e-18j
  -1.40307428e-02+3.21314075e-19j  1.85815434e-02-1.07480288e-18j]
 ...
 [-1.02923995e-02-8.07849491e-18j -1.99539354e-02-2.86264534e-18j
  -1.99539354e-02+8.56099738e-19j ... -1.89836625e-04+1.18437043e-18j
   2.49611210e-03+1.30814914e-19j  1.44925007e-03+4.14030929e-19j]
 [-1.40307428e-02+2.60358137e-19j  1.85815434e-02+2.53789519e-18j
  -1.40307428e-02+4.37362912e-19j ...  2.49611210e-03-1.06107918e-18j
  -1.90498326e-04-8.06468394e-20j -1.99539354e-02+2.53101417e-18j]
 [ 2.66857868e-01-2.08672230e-18j  2.66857868e-01+1.30603488e-17j
   1.85815434e-02-1.24407388e-18j ...  1.44925007e-03-5.98505149e-18j
  -1.99539354e-02+1.61396285e-19j  1.85815434e-02-1.01992623e-18j]]",[0.97018947 0.65472292 0.87179308 0.66023271 0.75089941],1
30.832224,0.29918,0.651163,[0.95811667 0.95571238 0.94791393 ... 0.93916501 0.95061446 0.95571238],"[[0.95811667 0.95571238 0.94791393 ... 0.93275757 0.94791393 0.95571238]
 [0.95571238 0.95571238 0.95061446 ... 0.91844194 0.93916501 0.95061446]
 [0.94791393 0.95061446 0.94791393 ... 0.89282897 0.92221823 0.93916501]
 ...
 [0.93275757 0.91844194 0.89282897 ... 0.93275757 0.93916501 0.93916501]
 [0.94791393 0.93916501 0.92221823 ... 0.93916501 0.94791393 0.95061446]
 [0.95571238 0.95061446 0.93916501 ... 0.93916501 0.95061446 0.95571238]]","[[ 7.12410577e-01+0.00000000e+00j  2.81853810e-01+5.22881586e-18j
  -3.22219980e-03-3.17653980e-19j ... -1.51981074e-02-5.71520976e-18j
  -3.22219980e-03-2.51441807e-19j  2.81853810e-01-3.54666990e-18j]
 [ 2.81853810e-01+4.43736659e-18j  3.62365280e-02+1.22696184e-18j
  -2.25547426e-02-6.71639687e-20j ... -2.25547426e-02-1.76445504e-19j
   3.62365280e-02-9.03573488e-19j  2.81853810e-01+1.05581978e-18j]
 [-3.22219980e-03+1.73473513e-20j -2.25547426e-02-1.67013675e-18j
  -3.83952006e-03+3.69147911e-19j ... -2.25547426e-02+1.51064730e-18j
  -3.22219980e-03+1.99607070e-19j  3.62365280e-02-4.70642094e-18j]
 ...
 [-1.51981074e-02-5.21211997e-18j -2.25547426e-02+1.18886969e-18j
  -2.25547426e-02+6.36201109e-19j ...  5.81429676e-04-3.25966796e-19j
   3.20706869e-03-7.89053255e-19j -1.42555854e-03-7.33336757e-19j]
 [-3.22219980e-03+3.47176115e-20j  3.62365280e-02+2.97584909e-18j
  -3.22219980e-03+2.80494643e-19j ...  3.20706869e-03-2.09527058e-18j
  -3.83952006e-03+4.77173012e-19j -2.25547426e-02+2.87031568e-18j]
 [ 2.81853810e-01-4.72982602e-18j  2.81853810e-01-2.45155720e-18j
   3.62365280e-02+3.39529546e-19j ... -1.42555854e-03-5.61676947e-18j
  -2.25547426e-02+1.81253708e-18j  3.62365280e-02+6.48812442e-19j]]",[0.95199375 0.59914358 0.8383047  0.60738008 0.71241058],1
28.867281,0.319328,0.673913,[0.95591934 0.95353428 0.94584627 ... 0.93729916 0.9485006  0.95353428],"[[0.95591934 0.95353428 0.94584627 ... 0.93108526 0.94584627 0.95353428]
 [0.95353428 0.95353428 0.9485006  ... 0.9173215  0.93729916 0.9485006 ]
 [0.94584627 0.9485006  0.94584627 ... 0.8930283  0.9209375  0.93729916]
 ...
 [0.93108526 0.9173215  0.8930283  ... 0.93108526 0.93729916 0.93729916]
 [0.94584627 0.93729916 0.9209375  ... 0.93729916 0.94584627 0.9485006 ]
 [0.95353428 0.9485006  0.93729916 ... 0.93729916 0.9485006  0.95353428]]","[[ 7.39638309e-01+0.00000000e+00j  2.71279202e-01-1.67513129e-20j
  -7.91556514e-03+2.00681109e-19j ... -1.26151023e-02-5.56283548e-18j
  -7.91556514e-03+2.65955980e-19j  2.71279202e-01-1.87289199e-19j]
 [ 2.71279202e-01-6.49395649e-19j  2.78883906e-02+1.17259197e-19j
  -2.07181269e-02-3.58530752e-20j ... -2.07181269e-02-2.81919262e-18j
   2.78883906e-02-7.83985452e-19j  2.71279202e-01+3.41619764e-18j]
 [-7.91556514e-03+1.94489246e-19j -2.07181269e-02+1.40188395e-18j
  -2.14222362e-03+7.63115531e-21j ... -2.07181269e-02-1.48696200e-18j
  -7.91556514e-03+1.45573220e-19j  2.78883906e-02+2.77490345e-18j]
 ...
 [-1.26151023e-02-2.60927329e-18j -2.07181269e-02-2.92170019e-18j
  -2.07181269e-02+1.06053828e-18j ...  2.09877506e-04+1.13065661e-18j
   2.76590133e-03-7.22285348e-19j -1.55136131e-04-1.28917772e-17j]
 [-7.91556514e-03+2.02745952e-19j  2.78883906e-02-2.15699214e-18j
  -7.91556514e-03+8.48741686e-20j ...  2.76590133e-03-9.79126399e-19j
  -2.14222362e-03+1.39881974e-19j -2.07181269e-02-2.77591724e-18j]
 [ 2.71279202e-01+1.96977319e-18j  2.71279202e-01-3.97730905e-18j
   2.78883906e-02-1.46942466e-19j ... -1.55136131e-04-5.12361426e-18j
  -2.07181269e-02+2.16284390e-18j  2.78883906e-02-2.12627347e-18j]]",[0.96215411 0.63269395 0.85994875 0.64050065 0.73963831],1
24.601399,0.25,0.913043,[0.98488833 0.98282934 0.97535965 ... 0.96560778 0.97808097 0.98282934],"[[0.98488833 0.98282934 0.97535965 ... 0.95760659 0.97535965 0.98282934]
 [0.98282934 0.98282934 0.97808097 ... 0.93739551 0.96560778 0.97808097]
 [0.97535965 0.97808097 0.97535965 ... 0.89473675 0.94302322 0.96560778]
 ...
 [0.95760659 0.93739551 0.89473675 ... 0.95760659 0.96560778 0.96560778]
 [0.97535965 0.96560778 0.94302322 ... 0.96560778 0.97535965 0.97808097]
 [0.98282934 0.97808097 0.96560778 ... 0.96560778 0.97808097 0.98282934]]","[[ 0.67591685+0.00000000e+00j  0.27892509+2.61615339e-18j
   0.04461101+2.60355171e-19j ... -0.02125166-5.02027370e-18j
   0.04461101+5.55815278e-19j  0.27892509-2.56577129e-18j]
 [ 0.27892509+4.24196809e-18j  0.09488387+3.92912306e-18j
  -0.01332015-9.10700754e-19j ... -0.01332015-2.02608833e-18j
   0.09488387-3.84376483e-19j  0.27892509+4.62944214e-18j]
 [ 0.04461101-9.18400066e-19j -0.01332015-2.22264849e-19j
  -0.01755637-1.31488086e-19j ... -0.01332015-7.49120618e-19j
   0.04461101-2.35622362e-18j  0.09488387-2.49013943e-18j]
 ...
 [-0.02125166+2.56569873e-19j -0.01332015-3.75994392e-18j
  -0.01332015+6.96471824e-20j ...  0.00335546+6.63157446e-19j
  -0.00201674+2.71233558e-19j -0.01535779-3.18336779e-18j]
 [ 0.04461101-1.38790114e-18j  0.09488387-1.88186871e-19j
   0.04461101-2.90236247e-18j ... -0.00201674-1.46489068e-18j
  -0.01755637-5.78458951e-20j -0.01332015+8.85465631e-19j]
 [ 0.27892509-5.24961005e-18j  0.27892509-2.96683291e-18j
   0.09488387-2.77453105e-18j ... -0.01535779-5.07595026e-18j
  -0.01332015+7.55616864e-19j  0.09488387-3.33770593e-18j]]",[0.87841349 0.48430261 0.77545554 0.51251378 0.67591685],1
33.068801,0.271429,0.918367,[0.99799755 0.99762799 0.99623024 ... 0.99425671 0.99675071 0.99762799],"[[0.99799755 0.99762799 0.99623024 ... 0.99250566 0.99623024 0.99762799]
 [0.99762799 0.99762799 0.99675071 ... 0.98756995 0.99425671 0.99675071]
 [0.99623024 0.99675071 0.99623024 ... 0.97482167 0.98902026 0.99425671]
 ...
 [0.99250566 0.98756995 0.97482167 ... 0.99250566 0.99425671 0.99425671]
 [0.99623024 0.99425671 0.98902026 ... 0.99425671 0.99623024 0.99675071]
 [0.99762799 0.99675071 0.99425671 ... 0.99425671 0.99675071 0.99762799]]","[[ 0.65132617+0.00000000e+00j  0.28710093+2.56228615e-18j
   0.02956967-9.19973150e-21j ... -0.03565143-4.59948252e-18j
   0.02956967-1.94412715e-20j  0.28710093-2.28585806e-18j]
 [ 0.28710093+5.59374996e-18j  0.08750529+6.76127833e-19j
  -0.03302766-2.13428770e-18j ... -0.03302766-1.13454428e-18j
   0.08750529-2.41401565e-18j  0.28710093-3.74352317e-18j]
 [ 0.02956967-1.06101417e-18j -0.03302766+3.60397416e-18j
  -0.02160173+5.80974892e-19j ... -0.03302766+1.67309227e-18j
   0.02956967-2.63423879e-19j  0.08750529+7.90976728e-19j]
 ...
 [-0.03565143-6.05549234e-18j -0.03302766-2.99694718e-18j
  -0.03302766+2.09735705e-18j ...  0.00749113+1.70255432e-18j
   0.00553535-2.65531695e-18j -0.01676478+4.54116564e-19j]
 [ 0.02956967-1.05015534e-18j  0.08750529-3.14814647e-18j
   0.02956967-3.72573498e-19j ...  0.00553535-1.28915454e-18j
  -0.02160173+4.61101018e-19j -0.03302766-8.26955155e-19j]
 [ 0.28710093-4.81324711e-18j  0.28710093-6.19162769e-18j
   0.08750529-2.28954889e-19j ... -0.01676478-3.54119976e-18j
  -0.03302766+3.11830184e-19j  0.08750529-1.41202137e-18j]]",[0.87864124 0.47478477 0.7590868  0.50008812 0.65132616],1
23.757912,0.345745,0.949153,[0.99743662 0.99714624 0.9961265  ... 0.99483994 0.99649267 0.99714624],"[[0.99743662 0.99714624 0.9961265  ... 0.99379599 0.9961265  0.99714624]
 [0.99714624 0.99714624 0.99649267 ... 0.99114343 0.99483994 0.99649267]
 [0.9961265  0.99649267 0.9961265  ... 0.98522574 0.99189214 0.99483994]
 ...
 [0.99379599 0.99114343 0.98522574 ... 0.99379599 0.99483994 0.99483994]
 [0.9961265  0.99483994 0.99189214 ... 0.99483994 0.9961265  0.99649267]
 [0.99714624 0.99649267 0.99483994 ... 0.99483994 0.99649267 0.99714624]]","[[ 7.13180123e-01+0.00000000e+00j  2.76553354e-01+8.19557665e-19j
  -1.65242799e-02+3.98700455e-19j ... -2.50049696e-02-7.20382771e-18j
  -1.65242799e-02-1.04549639e-19j  2.76553354e-01+3.09418300e-18j]
 [ 2.76553354e-01+2.13457434e-18j  3.32607361e-02+8.42741208e-19j
  -3.84198497e-02-9.27079280e-20j ... -3.84198497e-02-2.76839919e-18j
   3.32607361e-02+1.18457445e-18j  2.76553354e-01+6.37687440e-18j]
 [-1.65242799e-02+3.79591730e-19j -3.84198497e-02-3.54815203e-19j
  -1.75081353e-03+1.45793190e-19j ... -3.84198497e-02+3.59671423e-18j
  -1.65242799e-02+7.32905900e-19j  3.32607361e-02-1.45581448e-18j]
 ...
 [-2.50049696e-02-4.29998175e-18j -3.84198497e-02+3.62441317e-20j
  -3.84198497e-02+2.77078550e-18j ... -4.97574600e-04+2.78570665e-18j
   9.54164159e-03-1.75577973e-18j  2.42655389e-03-5.49390449e-18j]
 [-1.65242799e-02+3.36485525e-19j  3.32607361e-02-1.54462932e-18j
  -1.65242799e-02+4.56153841e-19j ...  9.54164159e-03-1.44474382e-18j
  -1.75081353e-03+4.20529498e-19j -3.84198497e-02-2.07628602e-19j]
 [ 2.76553354e-01-1.93888731e-18j  2.76553354e-01-6.04141091e-18j
   3.32607361e-02-2.21836505e-19j ...  2.42655389e-03-7.36888151e-18j
  -3.84198497e-02+2.49968964e-18j  3.32607361e-02+1.47754790e-18j]]",[0.95126365 0.60474149 0.83308498 0.61267884 0.71318013],1
25.881209,0.257282,0.959184,[0.99669599 0.99617123 0.99419929 ... 0.99146068 0.9949304  0.99617123],"[[0.99669599 0.99617123 0.99419929 ... 0.98907412 0.99419929 0.99617123]
 [0.99617123 0.99617123 0.9949304  ... 0.98252045 0.99146068 0.9949304 ]
 [0.99419929 0.9949304  0.99419929 ... 0.96640296 0.98442213 0.99146068]
 ...
 [0.98907412 0.98252045 0.96640296 ... 0.98907412 0.99146068 0.99146068]
 [0.99419929 0.99146068 0.98442213 ... 0.99146068 0.99419929 0.9949304 ]
 [0.99617123 0.9949304  0.99146068 ... 0.99146068 0.9949304  0.99617123]]","[[ 0.62596191+0.00000000e+00j  0.29973089+4.36204349e-18j
   0.0260299 -1.32746445e-18j ... -0.03326014-6.13017617e-18j
   0.0260299 -1.86183604e-18j  0.29973089-4.84015319e-18j]
 [ 0.29973089+2.95861877e-18j  0.08125596+4.00699090e-18j
  -0.03096611-8.36685533e-19j ... -0.03096611+2.14141783e-20j
   0.08125596-2.24105008e-18j  0.29973089+2.03818628e-18j]
 [ 0.0260299 -8.05096803e-19j -0.03096611+2.07370449e-18j
  -0.01970386+1.16467488e-18j ... -0.03096611+4.69621398e-18j
   0.0260299 -4.54956552e-20j  0.08125596+3.01778371e-18j]
 ...
 [-0.03326014-1.10453947e-17j -0.03096611-3.95118295e-18j
  -0.03096611+2.86120086e-18j ...  0.00624758+2.33571652e-18j
   0.004971  +4.54806401e-19j -0.01515611+3.08778296e-18j]
 [ 0.0260299 -6.72590833e-19j  0.08125596-2.91028645e-18j
   0.0260299 -5.10371879e-19j ...  0.004971  -1.83626556e-18j
  -0.01970386+8.86813027e-19j -0.03096611+3.69645804e-18j]
 [ 0.29973089-4.01375740e-18j  0.29973089+1.83615089e-18j
   0.08125596-3.03551368e-18j ... -0.01515611-5.91393036e-18j
  -0.03096611+4.63415049e-19j  0.08125596+1.09158042e-18j]]",[0.88181947 0.46360826 0.74859632 0.48338314 0.62596191],1
34.572971,0.321739,0.729167,[0.98256391 0.98126336 0.97700336 ... 0.97214255 0.97848601 0.98126336],"[[0.98256391 0.98126336 0.97700336 ... 0.96852403 0.97700336 0.98126336]
 [0.98126336 0.98126336 0.97848601 ... 0.96025398 0.97214255 0.97848601]
 [0.97700336 0.97848601 0.97700336 ... 0.94479396 0.96246185 0.97214255]
 ...
 [0.96852403 0.96025398 0.94479396 ... 0.96852403 0.97214255 0.97214255]
 [0.97700336 0.97214255 0.96246185 ... 0.97214255 0.97700336 0.97848601]
 [0.98126336 0.97848601 0.97214255 ... 0.97214255 0.97848601 0.98126336]]","[[ 7.01842287e-01+0.00000000e+00j  2.85429016e-01+4.02935289e-18j
  -1.61932403e-02-1.23436600e-19j ... -1.69620397e-02-5.24019716e-18j
  -1.61932403e-02-1.28499999e-19j  2.85429016e-01-3.06853895e-18j]
 [ 2.85429016e-01+7.69284315e-18j  2.59278879e-02-5.85271598e-20j
  -2.94483438e-02-1.15364184e-18j ... -2.94483438e-02-1.79579211e-18j
   2.59278879e-02-1.58369044e-19j  2.85429016e-01-8.21531269e-19j]
 [-1.61932403e-02+2.67217376e-19j -2.94483438e-02+3.03034617e-18j
  -7.61330225e-04+3.98818408e-19j ... -2.94483438e-02-2.39434349e-19j
  -1.61932403e-02+1.25712439e-18j  2.59278879e-02+3.10206804e-18j]
 ...
 [-1.69620397e-02-4.88567703e-18j -2.94483438e-02-6.59227883e-18j
  -2.94483438e-02+2.48782765e-18j ... -3.78253557e-04+7.08572828e-19j
   5.28634890e-03-1.58250521e-19j  2.14882067e-03-5.19623560e-18j]
 [-1.61932403e-02+1.45028323e-19j  2.59278879e-02-2.98895346e-18j
  -1.61932403e-02+1.21781587e-18j ...  5.28634890e-03-1.55146484e-18j
  -7.61330225e-04+3.93877487e-19j -2.94483438e-02-8.67143395e-19j]
 [ 2.85429016e-01-5.23907216e-18j  2.85429016e-01+9.66101951e-18j
   2.59278879e-02-1.10284960e-18j ...  2.14882067e-03-5.31946901e-18j
  -2.94483438e-02+1.26650491e-18j  2.59278879e-02-1.04820796e-18j]]",[0.95856189 0.60583416 0.83483104 0.60899782 0.70184229],1
25.217332,0.333333,0.910714,[0.99479659 0.994192   0.99205921 ... 0.98935052 0.99282761 0.994192  ],"[[0.99479659 0.994192   0.99205921 ... 0.98715003 0.99205921 0.994192  ]
 [0.994192   0.994192   0.99282761 ... 0.98158083 0.98935052 0.99282761]
 [0.99205921 0.99282761 0.99205921 ... 0.96939436 0.9831427  0.98935052]
 ...
 [0.98715003 0.98158083 0.96939436 ... 0.98715003 0.98935052 0.98935052]
 [0.99205921 0.98935052 0.9831427  ... 0.98935052 0.99205921 0.99282761]
 [0.994192   0.99282761 0.98935052 ... 0.98935052 0.99282761 0.994192  ]]","[[ 0.73052744+0.00000000e+00j  0.26788384+2.96507952e-18j
   0.00079678+6.04719373e-19j ... -0.02604326-5.74700882e-18j
   0.00079678+6.05655251e-19j  0.26788384-1.53940852e-18j]
 [ 0.26788384-1.07658502e-18j  0.05185228+6.91393789e-19j
  -0.03341927+9.74952392e-19j ... -0.03341927-1.02888537e-18j
   0.05185228-6.28758498e-19j  0.26788384+1.48904404e-18j]
 [ 0.00079678-5.29941491e-20j -0.03341927+9.06523103e-19j
  -0.0081043 -4.36729686e-19j ... -0.03341927+1.41760154e-18j
   0.00079678-3.10349584e-19j  0.05185228-4.91580769e-18j]
 ...
 [-0.02604326-7.97242847e-18j -0.03341927-1.21845557e-18j
  -0.03341927+7.49772120e-19j ...  0.00209737+2.20439064e-18j
   0.00716872-3.68711898e-18j -0.00407966+1.47818922e-18j]
 [ 0.00079678-5.82454314e-20j  0.05185228+3.41358323e-19j
   0.00079678-1.08445213e-19j ...  0.00716872+3.49660975e-19j
  -0.0081043 -6.67010607e-20j -0.03341927+4.18598373e-18j]
 [ 0.26788384+2.53195749e-18j  0.26788384-8.05910026e-19j
   0.05185228-7.16124406e-19j ... -0.00407966-4.38118615e-18j
  -0.03341927+7.72606778e-19j  0.05185228+1.80353045e-18j]]",[0.93724495 0.59178593 0.83454435 0.60866805 0.73052744],1
19.781335,0.34,0.892857,[0.97335369 0.97120419 0.96396381 ... 0.95541819 0.96651492 0.97120419],"[[0.97335369 0.97120419 0.96396381 ... 0.94891903 0.96396381 0.97120419]
 [0.97120419 0.97120419 0.96651492 ... 0.93381878 0.95541819 0.96651492]
 [0.96396381 0.96651492 0.96396381 ... 0.90538221 0.93787544 0.95541819]
 ...
 [0.94891903 0.93381878 0.90538221 ... 0.94891903 0.95541819 0.95541819]
 [0.96396381 0.95541819 0.93787544 ... 0.95541819 0.96396381 0.96651492]
 [0.97120419 0.96651492 0.95541819 ... 0.95541819 0.96651492 0.97120419]]","[[ 0.78850383+0.00000000e+00j  0.24369043+2.30096893e-18j
   0.00846273-3.98498441e-21j ... -0.01603285-4.57142810e-18j
   0.00846273-1.21854679e-19j  0.24369043-2.02988469e-18j]
 [ 0.24369043+6.76108768e-18j  0.04987255+3.13925869e-18j
  -0.01903149-1.01189397e-18j ... -0.01903149-5.72807257e-19j
   0.04987255+9.25794948e-19j  0.24369043+8.27986408e-19j]
 [ 0.00846273-2.16248350e-19j -0.01903149+2.54196764e-18j
  -0.00678037+1.49583822e-19j ... -0.01903149+1.24757205e-18j
   0.00846273-3.70551785e-19j  0.04987255-2.19445778e-19j]
 ...
 [-0.01603285+3.91467314e-20j -0.01903149-2.96664039e-18j
  -0.01903149+5.76446739e-19j ...  0.00129069+7.54168636e-19j
   0.00220907-2.37454718e-18j -0.00457679-6.18944285e-18j]
 [ 0.00846273-2.36786655e-19j  0.04987255-1.92552143e-18j
   0.00846273-3.11739641e-19j ...  0.00220907-1.58416067e-18j
  -0.00678037+2.34810007e-19j -0.01903149-3.20914684e-18j]
 [ 0.24369043-1.11298657e-17j  0.24369043-2.46530346e-19j
   0.04987255-1.97581924e-18j ... -0.00457679-4.85630956e-18j
  -0.01903149+8.79284752e-19j  0.04987255-5.49258423e-18j]]",[0.94385144 0.64035615 0.87361888 0.66181891 0.78850383],1
30.253073,0.305785,0.659091,[0.95804541 0.95567754 0.9480094  ... 0.93942686 0.95066277 0.95567754],"[[0.95804541 0.95567754 0.9480094  ... 0.93315327 0.9480094  0.95567754]
 [0.95567754 0.95567754 0.95066277 ... 0.91916824 0.93942686 0.95066277]
 [0.9480094  0.95066277 0.9480094  ... 0.89423294 0.92285349 0.93942686]
 ...
 [0.93315327 0.91916824 0.89423294 ... 0.93315327 0.93942686 0.93942686]
 [0.9480094  0.93942686 0.92285349 ... 0.93942686 0.9480094  0.95066277]
 [0.95567754 0.95066277 0.93942686 ... 0.93942686 0.95066277 0.95567754]]","[[ 7.20416729e-01+0.00000000e+00j  2.78902191e-01+3.82207210e-19j
  -5.12444109e-03-5.69027844e-20j ... -1.44235787e-02-5.52431989e-18j
  -5.12444109e-03-2.37002363e-19j  2.78902191e-01-1.65937428e-18j]
 [ 2.78902191e-01+5.45214266e-18j  3.32568925e-02-1.77090861e-18j
  -2.21854312e-02-3.85362778e-19j ... -2.21854312e-02-4.14505442e-19j
   3.32568925e-02+1.32048928e-18j  2.78902191e-01+1.03336773e-17j]
 [-5.12444109e-03+9.26605337e-20j -2.21854312e-02+4.30514006e-19j
  -3.20389790e-03+7.55301557e-20j ... -2.21854312e-02+1.23159478e-18j
  -5.12444109e-03+5.25303278e-19j  3.32568925e-02+1.77591520e-18j]
 ...
 [-1.44235787e-02-2.22889439e-18j -2.21854312e-02-1.07702608e-18j
  -2.21854312e-02+1.45537570e-18j ...  4.35128831e-04+1.23973953e-18j
   3.12434458e-03-6.06832753e-19j -9.10640960e-04-3.20143699e-18j]
 [-5.12444109e-03+9.27993175e-20j  3.32568925e-02-2.42659986e-18j
  -5.12444109e-03-4.31334623e-20j ...  3.12434458e-03-1.31355749e-18j
  -3.20389790e-03-1.13651239e-19j -2.21854312e-02+1.73886541e-18j]
 [ 2.78902191e-01-7.80292830e-18j  2.78902191e-01-4.47866449e-18j
   3.32568925e-02-1.47395662e-18j ... -9.10640960e-04-5.71809238e-18j
  -2.21854312e-02+4.03326249e-19j  3.32568925e-02+1.65204390e-18j]]",[0.95563107 0.60978714 0.84500779 0.61767327 0.72041673],1
34.631301,0.310484,0.604651,[0.97943743 0.97813037 0.97390992 ... 0.96917627 0.9753696  0.97813037],"[[0.97943743 0.97813037 0.97390992 ... 0.96569133 0.97390992 0.97813037]
 [0.97813037 0.97813037 0.9753696  ... 0.95780482 0.96917627 0.9753696 ]
 [0.97390992 0.9753696  0.97390992 ... 0.94321317 0.9599014  0.96917627]
 ...
 [0.96569133 0.95780482 0.94321317 ... 0.96569133 0.96917627 0.96917627]
 [0.97390992 0.96917627 0.9599014  ... 0.96917627 0.97390992 0.9753696 ]
 [0.97813037 0.9753696  0.96917627 ... 0.96917627 0.9753696  0.97813037]]","[[ 6.79195920e-01+0.00000000e+00j  2.93976866e-01+3.08921785e-18j
  -1.86231243e-02-3.99621501e-20j ... -1.72899607e-02-6.18109526e-18j
  -1.86231243e-02+4.64945064e-20j  2.93976866e-01-2.89280848e-18j]
 [ 2.93976866e-01+1.83730562e-18j  2.39987013e-02-1.60992728e-18j
  -3.12646318e-02-1.64510697e-18j ... -3.12646318e-02+1.09600599e-18j
   2.39987013e-02-4.02736538e-19j  2.93976866e-01+2.58555405e-18j]
 [-1.86231243e-02+8.73494611e-20j -3.12646318e-02-3.46885137e-18j
   7.98694295e-05+9.60601854e-20j ... -3.12646318e-02+2.97373243e-18j
  -1.86231243e-02+1.18783386e-18j  2.39987013e-02-2.07132920e-18j]
 ...
 [-1.72899607e-02-3.06180456e-18j -3.12646318e-02-2.29310003e-18j
  -3.12646318e-02+8.15722672e-19j ... -7.28144865e-04+3.85139905e-18j
   5.74142359e-03-8.95408035e-19j  3.19922139e-03-7.98736086e-18j]
 [-1.86231243e-02+1.33447871e-19j  2.39987013e-02+6.84166247e-19j
  -1.86231243e-02+9.49497674e-19j ...  5.74142359e-03+6.58360437e-19j
   7.98694295e-05+2.54870246e-20j -3.12646318e-02+4.66174589e-18j]
 [ 2.93976866e-01-1.34813513e-18j  2.93976866e-01-1.98891428e-18j
   2.39987013e-02-8.64448415e-20j ...  3.19922139e-03-6.57025320e-18j
  -3.12646318e-02+1.80760864e-18j  2.39987013e-02+1.51728135e-18j]]",[0.95575849 0.59011974 0.82102595 0.59062166 0.67919592],1
31.814353,0.342105,0.72,[0.97933202 0.97797821 0.97358658 ... 0.96864788 0.97510789 0.97797821],"[[0.97933202 0.97797821 0.97358658 ... 0.9650155  0.97358658 0.97797821]
 [0.97797821 0.97797821 0.97510789 ... 0.95683433 0.96864788 0.97510789]
 [0.97358658 0.97510789 0.97358658 ... 0.94189786 0.95900335 0.96864788]
 ...
 [0.9650155  0.95683433 0.94189786 ... 0.9650155  0.96864788 0.96864788]
 [0.97358658 0.96864788 0.95900335 ... 0.96864788 0.97358658 0.97510789]
 [0.97797821 0.97510789 0.96864788 ... 0.96864788 0.97510789 0.97797821]]","[[ 0.72697654+0.00000000e+00j  0.27608131+1.49547629e-18j
  -0.02191846+2.59276841e-19j ... -0.01279857-6.82710647e-18j
  -0.02191846+1.44114274e-19j  0.27608131-5.67856496e-18j]
 [ 0.27608131+2.86038933e-18j  0.01539076-1.57155565e-18j
  -0.02612427+3.77342712e-19j ... -0.02612427+7.84546566e-19j
   0.01539076-5.08143295e-20j  0.27608131-8.77281354e-19j]
 [-0.02191846+6.59337239e-19j -0.02612427+1.13009749e-18j
   0.00155937+7.27275731e-20j ... -0.02612427+1.71724821e-18j
  -0.02191846+9.09690916e-19j  0.01539076+8.91225959e-18j]
 ...
 [-0.01279857-5.72435625e-18j -0.02612427+1.14274680e-18j
  -0.02612427+1.56161372e-18j ... -0.00086345+2.85219066e-19j
   0.00405668-1.35976316e-19j  0.00370984-7.49242209e-18j]
 [-0.02191846+4.46435732e-19j  0.01539076-6.38378709e-18j
  -0.02191846+4.94120275e-19j ...  0.00405668-1.46078766e-18j
   0.00155937-1.43790921e-19j -0.02612427+3.64204162e-18j]
 [ 0.27608131-3.20598013e-18j  0.27608131-1.11706557e-18j
   0.01539076-5.63063141e-19j ...  0.00370984-7.07653209e-18j
  -0.02612427+2.75636990e-21j  0.01539076+2.62902751e-18j]]",[0.97027949 0.64090962 0.85681759 0.64231082 0.72697655],1
34.459331,0.332031,0.511628,[0.98570374 0.98477091 0.98178719 ... 0.97848631 0.98281442 0.98477091],"[[0.98570374 0.98477091 0.98178719 ... 0.97608163 0.98178719 0.98477091]
 [0.98477091 0.98477091 0.98281442 ... 0.9706983  0.97848631 0.98281442]
 [0.98178719 0.98281442 0.98178719 ... 0.96085461 0.97212298 0.97848631]
 ...
 [0.97608163 0.9706983  0.96085461 ... 0.97608163 0.97848631 0.97848631]
 [0.98178719 0.97848631 0.97212298 ... 0.97848631 0.98178719 0.98281442]
 [0.98477091 0.98281442 0.97848631 ... 0.97848631 0.98281442 0.98477091]]","[[ 0.68370818+0.00000000e+00j  0.29150774+8.06361871e-18j
  -0.03135991+9.65980974e-19j ... -0.01401874-5.99462133e-18j
  -0.03135991+1.16548966e-18j  0.29150774-9.94035992e-18j]
 [ 0.29150774-3.43654796e-18j  0.00967842-1.84675395e-18j
  -0.03276405-1.27250068e-18j ... -0.03276405+1.68122274e-18j
   0.00967842+1.29790312e-18j  0.29150774-5.80165628e-18j]
 [-0.03135991+8.83233267e-19j -0.03276405-3.13664059e-18j
   0.00523076+5.77734683e-20j ... -0.03276405+3.75350118e-18j
  -0.03135991+1.26934879e-18j  0.00967842+4.01654608e-18j]
 ...
 [-0.01401874-9.60618672e-19j -0.03276405-1.41615604e-18j
  -0.03276405+2.89139363e-19j ... -0.00244515+1.70972732e-18j
   0.00559806-7.65405603e-19j  0.00790213-8.52879656e-18j]
 [-0.03135991+8.27745703e-19j  0.00967842-3.12276759e-18j
  -0.03135991+8.47918907e-19j ...  0.00559806+6.22995183e-19j
   0.00523076+3.55702007e-19j -0.03276405+4.45982903e-18j]
 [ 0.29150774-2.56344255e-18j  0.29150774-5.68101088e-19j
   0.00967842+9.81392414e-19j ...  0.00790213-6.09577003e-18j
  -0.03276405+2.22403020e-18j  0.00967842+3.98328948e-18j]]",[0.96681396 0.61417432 0.82995931 0.60945487 0.68370818],1
33.980544,0.243802,0.74359,[0.94953472 0.94521451 0.93078578 ... 0.9140072  0.93584761 0.94521451],"[[0.94953472 0.94521451 0.93078578 ... 0.90143612 0.93078578 0.94521451]
 [0.94521451 0.94521451 0.93584761 ... 0.87283522 0.9140072  0.93584761]
 [0.93078578 0.93584761 0.93078578 ... 0.82121155 0.88042687 0.9140072 ]
 ...
 [0.90143612 0.87283522 0.82121155 ... 0.90143612 0.9140072  0.9140072 ]
 [0.93078578 0.9140072  0.88042687 ... 0.9140072  0.93078578 0.93584761]
 [0.94521451 0.93584761 0.9140072  ... 0.9140072  0.93584761 0.94521451]]","[[ 0.69486833+0.00000000e+00j  0.27787037+2.10700894e-18j
   0.03715667+5.71753154e-19j ... -0.01473456-4.07840609e-18j
   0.03715667+5.28651076e-19j  0.27787037-5.29852937e-18j]
 [ 0.27787037-5.59584284e-18j  0.08262563-4.20655941e-18j
  -0.00990314+1.06365464e-18j ... -0.00990314-4.14587843e-19j
   0.08262563-1.34997243e-18j  0.27787037-2.62486085e-18j]
 [ 0.03715667-1.05463073e-18j -0.00990314-5.16796418e-18j
  -0.01139442-3.35293094e-19j ... -0.00990314+1.22836371e-18j
   0.03715667-4.61105773e-19j  0.08262563-7.57452023e-18j]
 ...
 [-0.01473456-7.05718228e-18j -0.00990314-1.24691463e-18j
  -0.00990314-8.35654097e-20j ...  0.00159985+3.50415512e-19j
  -0.00125374-2.96680402e-18j -0.00971623-8.71417230e-18j]
 [ 0.03715667-1.04971479e-18j  0.08262563+1.32495277e-18j
   0.03715667-6.19887966e-19j ... -0.00125374-4.93161275e-19j
  -0.01139442-4.72669050e-19j -0.00990314+1.77289533e-18j]
 [ 0.27787037+2.82438637e-18j  0.27787037+2.27276683e-18j
   0.08262563-1.53413507e-18j ... -0.00971623-3.81725789e-18j
  -0.00990314+1.17202759e-18j  0.08262563-5.12460862e-18j]]",[0.89973219 0.51848117 0.79865734 0.54243414 0.69486832],1
26.637371,0.305263,0.982143,[0.99919157 0.99907698 0.99865168 ... 0.99807693 0.99880791 0.99907698],"[[0.99919157 0.99907698 0.99865168 ... 0.99758757 0.99865168 0.99907698]
 [0.99907698 0.99907698 0.99880791 ... 0.99626845 0.99807693 0.99880791]
 [0.99865168 0.99880791 0.99865168 ... 0.99300579 0.99665179 0.99807693]
 ...
 [0.99758757 0.99626845 0.99300579 ... 0.99758757 0.99807693 0.99807693]
 [0.99865168 0.99807693 0.99665179 ... 0.99807693 0.99865168 0.99880791]
 [0.99907698 0.99880791 0.99807693 ... 0.99807693 0.99880791 0.99907698]]","[[ 6.39852663e-01+0.00000000e+00j  3.00717104e-01+3.32076616e-18j
  -1.45270507e-02+3.93136071e-19j ... -3.24949671e-02-3.96090476e-18j
  -1.45270507e-02-7.16012140e-20j  3.00717104e-01-4.31501231e-18j]
 [ 3.00717104e-01-9.73949608e-18j  4.02252262e-02+5.52008160e-18j
  -4.56444335e-02-1.31348594e-18j ... -4.56444335e-02+9.72225110e-20j
   4.02252262e-02+1.90419420e-19j  3.00717104e-01-1.13323844e-18j]
 [-1.45270507e-02+2.36215090e-19j -4.56444335e-02+2.09941319e-18j
  -4.50557096e-03-1.09205132e-19j ... -4.56444335e-02+3.01300448e-18j
  -1.45270507e-02+1.33848614e-18j  4.02252262e-02-3.24328173e-18j]
 ...
 [-3.24949671e-02-8.27032652e-18j -4.56444335e-02+5.81596729e-19j
  -4.56444335e-02+4.10233656e-18j ...  2.25839608e-04+1.62530958e-18j
   1.35480607e-02+6.57549238e-20j  1.13183093e-03-7.56455209e-19j]
 [-1.45270507e-02+1.81764021e-19j  4.02252262e-02+3.94680151e-18j
  -1.45270507e-02+6.84740145e-19j ...  1.35480607e-02-3.66301568e-18j
  -4.50557096e-03+4.70681766e-19j -4.56444335e-02+1.40518830e-18j]
 [ 3.00717104e-01+6.67153652e-18j  3.00717104e-01-1.16773123e-18j
   4.02252262e-02-1.16989808e-18j ...  1.13183093e-03-6.28319004e-18j
  -4.56444335e-02-2.62548496e-19j  4.02252262e-02-3.20927692e-18j]]",[0.92671825 0.53554765 0.77897835 0.54014098 0.63985267],1
25.304745,0.383333,0.952381,[0.99870092 0.99855585 0.99805238 ... 0.99742572 0.99823299 0.99855585],"[[0.99870092 0.99855585 0.99805238 ... 0.99692342 0.99805238 0.99855585]
 [0.99855585 0.99855585 0.99823299 ... 0.99567495 0.99742572 0.99823299]
 [0.99805238 0.99823299 0.99805238 ... 0.99296733 0.99602504 0.99742572]
 ...
 [0.99692342 0.99567495 0.99296733 ... 0.99692342 0.99742572 0.99742572]
 [0.99805238 0.99742572 0.99602504 ... 0.99742572 0.99805238 0.99823299]
 [0.99855585 0.99823299 0.99742572 ... 0.99742572 0.99823299 0.99855585]]","[[ 0.73305309+0.00000000e+00j  0.26779523+2.44871171e-18j
  -0.0346641 +6.86009629e-19j ... -0.01817461-5.16003893e-18j
  -0.0346641 +7.22253006e-19j  0.26779523-2.93140961e-18j]
 [ 0.26779523+6.76633666e-19j  0.01208021-2.45188415e-18j
  -0.03836568+4.69543923e-19j ... -0.03836568-2.43393352e-19j
   0.01208021-8.84283312e-20j  0.26779523+4.70267593e-18j]
 [-0.0346641 +6.09217679e-19j -0.03836568+1.86009964e-18j
   0.00769576+5.73832994e-20j ... -0.03836568+2.72924855e-18j
  -0.0346641 +1.94447604e-18j  0.01208021+2.76585814e-18j]
 ...
 [-0.01817461-6.85063250e-18j -0.03836568-4.88391350e-18j
  -0.03836568+2.79393958e-18j ... -0.00428917+1.02519116e-18j
   0.0083905 -1.14572689e-18j  0.01059693-9.02649222e-18j]
 [-0.0346641 +4.49459192e-19j  0.01208021-2.58230620e-18j
  -0.0346641 +2.03572827e-18j ...  0.0083905 -1.70891187e-18j
   0.00769576+7.10361656e-20j -0.03836568+3.99446650e-19j]
 [ 0.26779523+1.29303293e-18j  0.26779523+3.47079253e-18j
   0.01208021-8.20641590e-19j ...  0.01059693-6.34246140e-18j
  -0.03836568+8.86172409e-19j  0.01208021+4.53493616e-18j]]",[0.97039185 0.6509446  0.85494265 0.65219924 0.73305309],1
28.979018,0.328125,0.947368,[0.99897411 0.99882245 0.99826796 ... 0.9975367  0.99846981 0.99882245],"[[0.99897411 0.99882245 0.99826796 ... 0.99692337 0.99826796 0.99882245]
 [0.99882245 0.99882245 0.99846981 ... 0.99529554 0.9975367  0.99846981]
 [0.99826796 0.99846981 0.99826796 ... 0.99136964 0.99576543 0.9975367 ]
 ...
 [0.99692337 0.99529554 0.99136964 ... 0.99692337 0.9975367  0.9975367 ]
 [0.99826796 0.9975367  0.99576543 ... 0.9975367  0.99826796 0.99846981]
 [0.99882245 0.99846981 0.9975367  ... 0.9975367  0.99846981 0.99882245]]","[[ 6.85168963e-01+0.00000000e+00j  2.84083243e-01-1.18929055e-18j
  -1.11308223e-02+9.23894566e-19j ... -3.13541662e-02-4.68005806e-18j
  -1.11308223e-02+9.46620621e-19j  2.84083243e-01-7.91673929e-19j]
 [ 2.84083243e-01+5.11790449e-18j  4.37596269e-02-1.91910732e-18j
  -4.40607107e-02+9.84636005e-19j ... -4.40607107e-02-4.15415143e-19j
   4.37596269e-02-1.53808056e-18j  2.84083243e-01+8.65813300e-19j]
 [-1.11308223e-02+2.34998765e-19j -4.40607107e-02-5.09080759e-18j
  -4.90186575e-03-4.59120155e-19j ... -4.40607107e-02+4.15106560e-18j
  -1.11308223e-02+1.03379224e-20j  4.37596269e-02-6.72584467e-18j]
 ...
 [-3.13541662e-02-1.82096894e-18j -4.40607107e-02+1.02877926e-17j
  -4.40607107e-02+3.19575841e-18j ...  5.85191049e-04+2.52533341e-18j
   1.25585821e-02+8.62399167e-19j  4.42247520e-04+3.43452565e-18j]
 [-1.11308223e-02+2.36649623e-19j  4.37596269e-02+3.55612833e-18j
  -1.11308223e-02-4.17615170e-20j ...  1.25585821e-02+1.01507380e-18j
  -4.90186575e-03-3.53841792e-19j -4.40607107e-02+5.16072543e-18j]
 [ 2.84083243e-01-3.35290263e-19j  2.84083243e-01+5.58647099e-18j
   4.37596269e-02-2.13131708e-18j ...  4.42247520e-04-4.58600622e-18j
  -4.40607107e-02+3.54649624e-18j  4.37596269e-02+2.14550326e-18j]]",[0.93431959 0.56696376 0.80681325 0.57725052 0.68516897],1
29.968076,0.357143,0.730769,[0.97719732 0.97577803 0.97119687 ... 0.96607874 0.97278029 0.97577803],"[[0.97719732 0.97577803 0.97119687 ... 0.96233302 0.97119687 0.97577803]
 [0.97577803 0.97577803 0.97278029 ... 0.95394708 0.96607874 0.97278029]
 [0.97119687 0.97278029 0.97119687 ... 0.93879629 0.95616424 0.96607874]
 ...
 [0.96233302 0.95394708 0.93879629 ... 0.96233302 0.96607874 0.96607874]
 [0.97119687 0.96607874 0.95616424 ... 0.96607874 0.97119687 0.97278029]
 [0.97577803 0.97278029 0.96607874 ... 0.96607874 0.97278029 0.97577803]]","[[ 0.74860242+0.00000000e+00j  0.267015  +2.76704132e-18j
  -0.02333898+7.26295392e-19j ... -0.01056121-6.13764049e-18j
  -0.02333898+8.73107071e-19j  0.267015  -2.08792995e-18j]
 [ 0.267015  -1.08118277e-18j  0.0109223 -9.15446122e-19j
  -0.02343606+3.98927268e-20j ... -0.02343606-9.72351859e-20j
   0.0109223 -4.58863239e-19j  0.267015  +4.03345847e-18j]
 [-0.02333898+2.40341360e-19j -0.02343606-1.69984151e-18j
   0.00215276+4.16677190e-19j ... -0.02343606+2.12832802e-18j
  -0.02333898+6.95864853e-19j  0.0109223 +3.41967808e-19j]
 ...
 [-0.01056121-7.85055374e-18j -0.02343606+7.02174569e-19j
  -0.02343606+7.35712676e-19j ... -0.00086962+3.37012112e-19j
   0.00325913+2.64287773e-19j  0.00385312-5.13111983e-18j]
 [-0.02333898+4.33758512e-19j  0.0109223 -2.38984017e-18j
  -0.02333898+7.97409899e-19j ...  0.00325913-1.16964934e-18j
   0.00215276+1.45304580e-19j -0.02343606+4.57969828e-18j]
 [ 0.267015  +9.39146404e-19j  0.267015  -4.83152529e-18j
   0.0109223 -2.04425440e-19j ...  0.00385312-6.59612224e-18j
  -0.02343606+1.36349390e-18j  0.0109223 +5.51144102e-18j]]",[0.97553823 0.66446734 0.87268776 0.66628491 0.74860242],1
29.389222,0.25,0.571429,[0.86184191 0.85527513 0.83461083 ... 0.81255597 0.84165746 0.85527513],"[[0.86184191 0.85527513 0.83461083 ... 0.79712829 0.83461083 0.85527513]
 [0.85527513 0.85527513 0.84165746 ... 0.76471602 0.81255597 0.84165746]
 [0.83461083 0.84165746 0.83461083 ... 0.71297072 0.77300076 0.81255597]
 ...
 [0.79712829 0.76471602 0.71297072 ... 0.79712829 0.81255597 0.81255597]
 [0.83461083 0.81255597 0.77300076 ... 0.81255597 0.83461083 0.84165746]
 [0.85527513 0.84165746 0.81255597 ... 0.81255597 0.84165746 0.85527513]]","[[ 7.63691620e-01+0.00000000e+00j  2.54474366e-01-1.32296139e-18j
   2.65667088e-02-8.51400195e-19j ... -7.23687341e-03-6.14711754e-18j
   2.65667088e-02-7.75462779e-19j  2.54474366e-01+1.04545332e-18j]
 [ 2.54474366e-01+5.18168985e-18j  6.18876815e-02-1.96363345e-18j
  -4.88087841e-03-1.12129912e-20j ... -4.88087841e-03-1.50264905e-18j
   6.18876815e-02+2.10728061e-18j  2.54474366e-01+3.34849866e-18j]
 [ 2.65667088e-02-7.18038995e-19j -4.88087841e-03+4.93966710e-19j
  -5.17900294e-03+1.25887058e-19j ... -4.88087841e-03+5.03436305e-19j
   2.65667088e-02-7.81889543e-19j  6.18876815e-02-1.36885328e-19j]
 ...
 [-7.23687341e-03-2.60252082e-18j -4.88087841e-03+5.38744852e-19j
  -4.88087841e-03-5.00145305e-19j ...  3.98543447e-04+2.27270945e-19j
  -5.97483175e-04-1.31682549e-18j -4.29680483e-03-1.15831202e-18j]
